0.4424
0.8475
0.6866
0.5840
0.8546
0.5069
0.3906
0.9932
0.5945
0.3586
0.3776
0.5121
0.7357
0.4601
0.4545
0.1369
0.6248
0.8833
0.8308
0.6188
0.3676
0.0473
0.9026
0.8776
0.7821
0.3529
0.9175
0.9589
0.6966
0.1835
0.6056
0.6379
0.8459
0.1234
0.9174
0.1183
0.5974
0.7789
0.5662
0.8996
0.8649
0.4958
0.5282
0.1524
0.2769
0.9207
0.9094
0.3344
0.2853
0.4946
0.0371
0.0666
0.1306
0.5392
0.6199
0.4426
0.9214
0.9950
0.1599
0.4416
0.3782
0.1264
0.5498
0.5444
0.6186
0.7436
0.6618
0.8478
0.2669
0.2525
0.8833
0.2642
0.7327
0.0025
0.3609
0.5892
0.3788
0.0609
0.9254
0.7424
0.0428
0.4185
0.9713
0.5286
0.0455
0.9794
0.4111
0.7897
0.3093
0.2017
0.1251
0.1376
0.4901
0.7074
0.1330
0.8484
0.2009
0.8293
0.8990
0.8739
0.7291
0.2133
0.8986
0.6414
0.4570
0.6810
0.7489
0.0819
0.0964
0.3119
0.2444
0.8282
0.2244
0.8600
0.3245
0.8070
0.5907
0.8806
0.9072
0.5968
0.4026
0.7431
0.2574
0.9487
0.1534
0.5459
0.6026
0.0962
0.1700
0.3632
0.4003
0.2217
0.9001
0.6598
0.2736
0.9670
0.2769
0.0396
0.0263
0.8853
0.5576
0.1049
0.8300
0.0579
0.5750
0.3143
0.3231
0.7450
0.0070
0.6551
0.6217
0.5044
0.3565
0.3445
0.5674
0.9264
0.9491
0.6044
0.9241
0.5071
0.8504
0.2690
0.5240
0.3495
0.3594
0.1466
0.5682
0.1371
0.8367
0.3852
0.0468
0.3217
0.7058
0.7497
0.2840
0.0695
0.3318
0.1334
0.5418
0.5177
0.4223
0.1593
0.0648
0.5124
0.3736
0.1772
0.0534
0.5462
0.5832
0.7899
0.9209
0.0331
0.7733
0.0416
0.4288
0.3761
0.4974
0.8702
0.1539
0.2650
